# Nota: C-Order, 1 refers to the Y axis, 2 to the X axis 
# Calibration done at Wed Feb 27 09:30:23 2019
poni_version: 2
Detector: Perkin
Detector_config: {"pixel1": 0.0002, "pixel2": 0.0002}
Distance: 1.3487852533056026
Poni1: 0.2105230214830908
Poni2: 0.344736656278463
Rot1: 0.005334796720593876
Rot2: -0.0062812625545335225
Rot3: -1.0769923288225094e-06
Wavelength: 2.36996e-11
